L=30 #nombres de lignes (rats)
C=5 #nombres de colonnes (jours)
y <-structure(c(151, 145, 147, 155, 135, 159, 141, 159, 177, 134,
160, 143, 154, 171, 163, 160, 142, 156, 157, 152, 154, 139, 146,
157, 132, 160, 169, 157, 137, 153, 199, 199, 214, 200, 188, 210,
189, 201, 236, 182, 208, 188, 200, 221, 216, 207, 187, 203, 212,
203, 205, 190, 191, 211, 185, 207, 216, 205, 180, 200, 246, 249,
263, 237, 230, 252, 231, 248, 285, 220, 261, 220, 244, 270, 242,
248, 234, 243, 259, 246, 253, 225, 229, 250, 237, 257, 261, 248,
219, 244, 283, 293, 312, 272, 280, 298, 275, 297, 350, 260, 313,
273, 289, 326, 281, 288, 280, 283, 307, 286, 298, 267, 272, 285,
286, 303, 295, 289, 258, 286, 320, 354, 328, 297, 323, 331, 305,
338, 376, 296, 352, 314, 325, 358, 312, 324, 316, 317, 336, 321,
<<<<<<< HEAD
334, 302, 302, 323, 331, 345, 333, 316, 291, 324), dim = c(L,
C),names=c("Jour 8","Jour 15","Jour 22","Jour 29","Jour 36"))
x <- c(8.0, 15.0, 22.0, 29.0, 36.0)
xbar <-22.0
y
L=30 #nombres de lignes (rats)
=======
334, 302, 302, 323, 331, 345, 333, 316, 291, 324), .Dim = c(L,
C),.Names=c("Jour 8","Jour 15","Jour 22","Jour 29","Jour 36"))
x <- c(8.0, 15.0, 22.0, 29.0, 36.0)
xbar <-22.0
View(y)
C
>>>>>>> 21408a2fba9db001a1c9456151729780420c6c7b
C=5 #nombres de colonnes (jours)
y <-structure(c(151, 145, 147, 155, 135, 159, 141, 159, 177, 134,
160, 143, 154, 171, 163, 160, 142, 156, 157, 152, 154, 139, 146,
157, 132, 160, 169, 157, 137, 153, 199, 199, 214, 200, 188, 210,
189, 201, 236, 182, 208, 188, 200, 221, 216, 207, 187, 203, 212,
203, 205, 190, 191, 211, 185, 207, 216, 205, 180, 200, 246, 249,
263, 237, 230, 252, 231, 248, 285, 220, 261, 220, 244, 270, 242,
248, 234, 243, 259, 246, 253, 225, 229, 250, 237, 257, 261, 248,
219, 244, 283, 293, 312, 272, 280, 298, 275, 297, 350, 260, 313,
273, 289, 326, 281, 288, 280, 283, 307, 286, 298, 267, 272, 285,
286, 303, 295, 289, 258, 286, 320, 354, 328, 297, 323, 331, 305,
338, 376, 296, 352, 314, 325, 358, 312, 324, 316, 317, 336, 321,
<<<<<<< HEAD
334, 302, 302, 323, 331, 345, 333, 316, 291, 324), dim = c(L,
C),colnames=c("Jour 8","Jour 15","Jour 22","Jour 29","Jour 36"))
x <- c(8.0, 15.0, 22.0, 29.0, 36.0)
xbar <-22.0
y
=======
334, 302, 302, 323, 331, 345, 333, 316, 291, 324), .Dim = c(L,
C),names=c("Jour 8","Jour 15","Jour 22","Jour 29","Jour 36"))
x <- c(8.0, 15.0, 22.0, 29.0, 36.0)
xbar <-22.0
View(y)
>>>>>>> 21408a2fba9db001a1c9456151729780420c6c7b
L=30 #nombres de lignes (rats)
C=5 #nombres de colonnes (jours)
y <-structure(c(151, 145, 147, 155, 135, 159, 141, 159, 177, 134,
160, 143, 154, 171, 163, 160, 142, 156, 157, 152, 154, 139, 146,
157, 132, 160, 169, 157, 137, 153, 199, 199, 214, 200, 188, 210,
189, 201, 236, 182, 208, 188, 200, 221, 216, 207, 187, 203, 212,
203, 205, 190, 191, 211, 185, 207, 216, 205, 180, 200, 246, 249,
263, 237, 230, 252, 231, 248, 285, 220, 261, 220, 244, 270, 242,
248, 234, 243, 259, 246, 253, 225, 229, 250, 237, 257, 261, 248,
219, 244, 283, 293, 312, 272, 280, 298, 275, 297, 350, 260, 313,
273, 289, 326, 281, 288, 280, 283, 307, 286, 298, 267, 272, 285,
286, 303, 295, 289, 258, 286, 320, 354, 328, 297, 323, 331, 305,
338, 376, 296, 352, 314, 325, 358, 312, 324, 316, 317, 336, 321,
<<<<<<< HEAD
334, 302, 302, 323, 331, 345, 333, 316, 291, 324), dim = c(L,
C),col.names=c("Jour 8","Jour 15","Jour 22","Jour 29","Jour 36"))
x <- c(8.0, 15.0, 22.0, 29.0, 36.0)
xbar <-22.0
y
dim(y)
y <-structure(c(151, 145, 147, 155, 135, 159, 141, 159, 177, 134,
160, 143, 154, 171, 163, 160, 142, 156, 157, 152, 154, 139, 146,
157, 132, 160, 169, 157, 137, 153, 199, 199, 214, 200, 188, 210,
189, 201, 236, 182, 208, 188, 200, 221, 216, 207, 187, 203, 212,
203, 205, 190, 191, 211, 185, 207, 216, 205, 180, 200, 246, 249,
263, 237, 230, 252, 231, 248, 285, 220, 261, 220, 244, 270, 242,
248, 234, 243, 259, 246, 253, 225, 229, 250, 237, 257, 261, 248,
219, 244, 283, 293, 312, 272, 280, 298, 275, 297, 350, 260, 313,
273, 289, 326, 281, 288, 280, 283, 307, 286, 298, 267, 272, 285,
286, 303, 295, 289, 258, 286, 320, 354, 328, 297, 323, 331, 305,
338, 376, 296, 352, 314, 325, 358, 312, 324, 316, 317, 336, 321,
334, 302, 302, 323, 331, 345, 333, 316, 291, 324), dim = c(L,
C),names=c("Jour 8","Jour 15","Jour 22","Jour 29","Jour 36"))
y
y <-structure(c(151, 145, 147, 155, 135, 159, 141, 159, 177, 134,
160, 143, 154, 171, 163, 160, 142, 156, 157, 152, 154, 139, 146,
157, 132, 160, 169, 157, 137, 153, 199, 199, 214, 200, 188, 210,
189, 201, 236, 182, 208, 188, 200, 221, 216, 207, 187, 203, 212,
203, 205, 190, 191, 211, 185, 207, 216, 205, 180, 200, 246, 249,
263, 237, 230, 252, 231, 248, 285, 220, 261, 220, 244, 270, 242,
248, 234, 243, 259, 246, 253, 225, 229, 250, 237, 257, 261, 248,
219, 244, 283, 293, 312, 272, 280, 298, 275, 297, 350, 260, 313,
273, 289, 326, 281, 288, 280, 283, 307, 286, 298, 267, 272, 285,
286, 303, 295, 289, 258, 286, 320, 354, 328, 297, 323, 331, 305,
338, 376, 296, 352, 314, 325, 358, 312, 324, 316, 317, 336, 321,
334, 302, 302, 323, 331, 345, 333, 316, 291, 324), dim = c(L,
C),names=c("Jour 8","Jour 15","Jour 22","Jour 29","Jour 36"),class="data.frame")
y
y <-structure(c(151, 145, 147, 155, 135, 159, 141, 159, 177, 134,
=======
334, 302, 302, 323, 331, 345, 333, 316, 291, 324), .Dim = c(L,
C), .Names=c("Jour 8","Jour 15","Jour 22","Jour 29","Jour 36"))
x <- c(8.0, 15.0, 22.0, 29.0, 36.0)
xbar <-22.0
View(y)
View(y)
y <- structure(c(151, 145, 147, 155, 135, 159, 141, 159, 177, 134,
>>>>>>> 21408a2fba9db001a1c9456151729780420c6c7b
160, 143, 154, 171, 163, 160, 142, 156, 157, 152, 154, 139, 146,
157, 132, 160, 169, 157, 137, 153, 199, 199, 214, 200, 188, 210,
189, 201, 236, 182, 208, 188, 200, 221, 216, 207, 187, 203, 212,
203, 205, 190, 191, 211, 185, 207, 216, 205, 180, 200, 246, 249,
263, 237, 230, 252, 231, 248, 285, 220, 261, 220, 244, 270, 242,
248, 234, 243, 259, 246, 253, 225, 229, 250, 237, 257, 261, 248,
219, 244, 283, 293, 312, 272, 280, 298, 275, 297, 350, 260, 313,
273, 289, 326, 281, 288, 280, 283, 307, 286, 298, 267, 272, 285,
286, 303, 295, 289, 258, 286, 320, 354, 328, 297, 323, 331, 305,
338, 376, 296, 352, 314, 325, 358, 312, 324, 316, 317, 336, 321,
<<<<<<< HEAD
334, 302, 302, 323, 331, 345, 333, 316, 291, 324),names=c("Jour 8","Jour 15","Jour 22","Jour 29","Jour 36"),class="data.frame")
y
y <-structure(c(151, 145, 147, 155, 135, 159, 141, 159, 177, 134,
=======
334, 302, 302, 323, 331, 345, 333, 316, 291, 324), .Dim = c(L,
C), col.Names = c("Jour 8","Jour 15","Jour 22","Jour 29","Jour 36"))
View(y)
y <- structure(c(151, 145, 147, 155, 135, 159, 141, 159, 177, 134,
>>>>>>> 21408a2fba9db001a1c9456151729780420c6c7b
160, 143, 154, 171, 163, 160, 142, 156, 157, 152, 154, 139, 146,
157, 132, 160, 169, 157, 137, 153, 199, 199, 214, 200, 188, 210,
189, 201, 236, 182, 208, 188, 200, 221, 216, 207, 187, 203, 212,
203, 205, 190, 191, 211, 185, 207, 216, 205, 180, 200, 246, 249,
263, 237, 230, 252, 231, 248, 285, 220, 261, 220, 244, 270, 242,
248, 234, 243, 259, 246, 253, 225, 229, 250, 237, 257, 261, 248,
219, 244, 283, 293, 312, 272, 280, 298, 275, 297, 350, 260, 313,
273, 289, 326, 281, 288, 280, 283, 307, 286, 298, 267, 272, 285,
286, 303, 295, 289, 258, 286, 320, 354, 328, 297, 323, 331, 305,
338, 376, 296, 352, 314, 325, 358, 312, 324, 316, 317, 336, 321,
<<<<<<< HEAD
334, 302, 302, 323, 331, 345, 333, 316, 291, 324),col.names=c("Jour 8","Jour 15","Jour 22","Jour 29","Jour 36"),class="data.frame")
y
y <-structure(c(151, 145, 147, 155, 135, 159, 141, 159, 177, 134,
=======
334, 302, 302, 323, 331, 345, 333, 316, 291, 324), .Dim = c(L,
C), .Dimnames = c("Jour 8","Jour 15","Jour 22","Jour 29","Jour 36"))
y <- structure(c(151, 145, 147, 155, 135, 159, 141, 159, 177, 134,
>>>>>>> 21408a2fba9db001a1c9456151729780420c6c7b
160, 143, 154, 171, 163, 160, 142, 156, 157, 152, 154, 139, 146,
157, 132, 160, 169, 157, 137, 153, 199, 199, 214, 200, 188, 210,
189, 201, 236, 182, 208, 188, 200, 221, 216, 207, 187, 203, 212,
203, 205, 190, 191, 211, 185, 207, 216, 205, 180, 200, 246, 249,
263, 237, 230, 252, 231, 248, 285, 220, 261, 220, 244, 270, 242,
248, 234, 243, 259, 246, 253, 225, 229, 250, 237, 257, 261, 248,
219, 244, 283, 293, 312, 272, 280, 298, 275, 297, 350, 260, 313,
273, 289, 326, 281, 288, 280, 283, 307, 286, 298, 267, 272, 285,
286, 303, 295, 289, 258, 286, 320, 354, 328, 297, 323, 331, 305,
338, 376, 296, 352, 314, 325, 358, 312, 324, 316, 317, 336, 321,
<<<<<<< HEAD
334, 302, 302, 323, 331, 345, 333, 316, 291, 324), dim = c(L,
C),names=c("Jour 8","Jour 15","Jour 22","Jour 29","Jour 36"))
y
y <-structure(c(151, 145, 147, 155, 135, 159, 141, 159, 177, 134,
=======
334, 302, 302, 323, 331, 345, 333, 316, 291, 324), .Dim = c(L,
C), .Names = c("Jour 8","Jour 15","Jour 22","Jour 29","Jour 36"))
View(y)
y <- structure(c(151, 145, 147, 155, 135, 159, 141, 159, 177, 134,
>>>>>>> 21408a2fba9db001a1c9456151729780420c6c7b
160, 143, 154, 171, 163, 160, 142, 156, 157, 152, 154, 139, 146,
157, 132, 160, 169, 157, 137, 153, 199, 199, 214, 200, 188, 210,
189, 201, 236, 182, 208, 188, 200, 221, 216, 207, 187, 203, 212,
203, 205, 190, 191, 211, 185, 207, 216, 205, 180, 200, 246, 249,
263, 237, 230, 252, 231, 248, 285, 220, 261, 220, 244, 270, 242,
248, 234, 243, 259, 246, 253, 225, 229, 250, 237, 257, 261, 248,
219, 244, 283, 293, 312, 272, 280, 298, 275, 297, 350, 260, 313,
273, 289, 326, 281, 288, 280, 283, 307, 286, 298, 267, 272, 285,
286, 303, 295, 289, 258, 286, 320, 354, 328, 297, 323, 331, 305,
338, 376, 296, 352, 314, 325, 358, 312, 324, 316, 317, 336, 321,
<<<<<<< HEAD
334, 302, 302, 323, 331, 345, 333, 316, 291, 324), dim = c(L,
C))
y
?structure
y <-structure(c(151, 145, 147, 155, 135, 159, 141, 159, 177, 134,
=======
334, 302, 302, 323, 331, 345, 333, 316, 291, 324), .Dim = c(L,
C), .Names = c("Jour 8","Jour 15","Jour 22","Jour 29","Jour 36"), class = "data.frame")
View(y)
y <- structure(c(151, 145, 147, 155, 135, 159, 141, 159, 177, 134,
>>>>>>> 21408a2fba9db001a1c9456151729780420c6c7b
160, 143, 154, 171, 163, 160, 142, 156, 157, 152, 154, 139, 146,
157, 132, 160, 169, 157, 137, 153, 199, 199, 214, 200, 188, 210,
189, 201, 236, 182, 208, 188, 200, 221, 216, 207, 187, 203, 212,
203, 205, 190, 191, 211, 185, 207, 216, 205, 180, 200, 246, 249,
263, 237, 230, 252, 231, 248, 285, 220, 261, 220, 244, 270, 242,
248, 234, 243, 259, 246, 253, 225, 229, 250, 237, 257, 261, 248,
219, 244, 283, 293, 312, 272, 280, 298, 275, 297, 350, 260, 313,
273, 289, 326, 281, 288, 280, 283, 307, 286, 298, 267, 272, 285,
286, 303, 295, 289, 258, 286, 320, 354, 328, 297, 323, 331, 305,
338, 376, 296, 352, 314, 325, 358, 312, 324, 316, 317, 336, 321,
<<<<<<< HEAD
334, 302, 302, 323, 331, 345, 333, 316, 291, 324), dim = c(L,
C),structure@names=c("A","B","C","D","E"))
y <-structure(c(151, 145, 147, 155, 135, 159, 141, 159, 177, 134,
=======
334, 302, 302, 323, 331, 345, 333, 316, 291, 324), .Dim = c(L,
C), .Names = c("Jour 8","Jour 15","Jour 22","Jour 29","Jour 36"))
View(y)
y <- structure(c(151, 145, 147, 155, 135, 159, 141, 159, 177, 134,
>>>>>>> 21408a2fba9db001a1c9456151729780420c6c7b
160, 143, 154, 171, 163, 160, 142, 156, 157, 152, 154, 139, 146,
157, 132, 160, 169, 157, 137, 153, 199, 199, 214, 200, 188, 210,
189, 201, 236, 182, 208, 188, 200, 221, 216, 207, 187, 203, 212,
203, 205, 190, 191, 211, 185, 207, 216, 205, 180, 200, 246, 249,
263, 237, 230, 252, 231, 248, 285, 220, 261, 220, 244, 270, 242,
248, 234, 243, 259, 246, 253, 225, 229, 250, 237, 257, 261, 248,
219, 244, 283, 293, 312, 272, 280, 298, 275, 297, 350, 260, 313,
273, 289, 326, 281, 288, 280, 283, 307, 286, 298, 267, 272, 285,
286, 303, 295, 289, 258, 286, 320, 354, 328, 297, 323, 331, 305,
338, 376, 296, 352, 314, 325, 358, 312, 324, 316, 317, 336, 321,
<<<<<<< HEAD
334, 302, 302, 323, 331, 345, 333, 316, 291, 324), dim = c(L,
C),names=c("A","B","C","D","E"))
y
y <-structure(c(151, 145, 147, 155, 135, 159, 141, 159, 177, 134,
=======
334, 302, 302, 323, 331, 345, 333, 316, 291, 324), .Dim = c(L,
C), .Jours = c("Jour 8","Jour 15","Jour 22","Jour 29","Jour 36"))
View(y)
y <- structure(c(151, 145, 147, 155, 135, 159, 141, 159, 177, 134,
>>>>>>> 21408a2fba9db001a1c9456151729780420c6c7b
160, 143, 154, 171, 163, 160, 142, 156, 157, 152, 154, 139, 146,
157, 132, 160, 169, 157, 137, 153, 199, 199, 214, 200, 188, 210,
189, 201, 236, 182, 208, 188, 200, 221, 216, 207, 187, 203, 212,
203, 205, 190, 191, 211, 185, 207, 216, 205, 180, 200, 246, 249,
263, 237, 230, 252, 231, 248, 285, 220, 261, 220, 244, 270, 242,
248, 234, 243, 259, 246, 253, 225, 229, 250, 237, 257, 261, 248,
219, 244, 283, 293, 312, 272, 280, 298, 275, 297, 350, 260, 313,
273, 289, 326, 281, 288, 280, 283, 307, 286, 298, 267, 272, 285,
286, 303, 295, 289, 258, 286, 320, 354, 328, 297, 323, 331, 305,
338, 376, 296, 352, 314, 325, 358, 312, 324, 316, 317, 336, 321,
<<<<<<< HEAD
334, 302, 302, 323, 331, 345, 333, 316, 291, 324), dim = c(L,
C),colnames=c("A","B","C","D","E"))
y
y <-structure(c(151, 145, 147, 155, 135, 159, 141, 159, 177, 134,
=======
334, 302, 302, 323, 331, 345, 333, 316, 291, 324), .Dim = c(L,
C), names() = c("Jour 8","Jour 15","Jour 22","Jour 29","Jour 36"))
names(y) = c("Jour 8","Jour 15","Jour 22","Jour 29","Jour 36")
View(y)
names(y)
dimnames(y)
colnames(y)
colnames(y) = c("Jour 8","Jour 15","Jour 22","Jour 29","Jour 36")
View(y)
L = 30 #nombres de lignes (rats)
C = 5 #nombres de colonnes (jours)
y <- structure(c(151, 145, 147, 155, 135, 159, 141, 159, 177, 134,
>>>>>>> 21408a2fba9db001a1c9456151729780420c6c7b
160, 143, 154, 171, 163, 160, 142, 156, 157, 152, 154, 139, 146,
157, 132, 160, 169, 157, 137, 153, 199, 199, 214, 200, 188, 210,
189, 201, 236, 182, 208, 188, 200, 221, 216, 207, 187, 203, 212,
203, 205, 190, 191, 211, 185, 207, 216, 205, 180, 200, 246, 249,
263, 237, 230, 252, 231, 248, 285, 220, 261, 220, 244, 270, 242,
248, 234, 243, 259, 246, 253, 225, 229, 250, 237, 257, 261, 248,
219, 244, 283, 293, 312, 272, 280, 298, 275, 297, 350, 260, 313,
273, 289, 326, 281, 288, 280, 283, 307, 286, 298, 267, 272, 285,
286, 303, 295, 289, 258, 286, 320, 354, 328, 297, 323, 331, 305,
338, 376, 296, 352, 314, 325, 358, 312, 324, 316, 317, 336, 321,
<<<<<<< HEAD
334, 302, 302, 323, 331, 345, 333, 316, 291, 324), dim = c(L,
C),col.names=c("A","B","C","D","E"))
y
=======
334, 302, 302, 323, 331, 345, 333, 316, 291, 324), .Dim = c(L,
C))
colnames(y) = c("Jour 8","Jour 15","Jour 22","Jour 29","Jour 36")
x <- c(8.0, 15.0, 22.0, 29.0, 36.0)
xbar <-22.0
>>>>>>> 21408a2fba9db001a1c9456151729780420c6c7b
View(y)
data=rats.data.R
?grid.table
data="~/Documents/GitHub/Rats-a-normal-hierarchical-model/rats.data.R"
data="/Documents/GitHub/Rats-a-normal-hierarchical-model/rats.data.R"
data=list.files("/Documents/GitHub/Rats-a-normal-hierarchical-model")
list.files("/Documents/GitHub/Rats-a-normal-hierarchical-model")
list.files()
data="rats.data.R"
data=rats.data.R
?as.data.frame
data=as.data.frame(rats.data.R)
data=as.data.frame("rats.data.R")
View(data)
L = 30 #nombres de lignes (rats)
C = 5 #nombres de colonnes (jours)
y = structure(c(151, 145, 147, 155, 135, 159, 141, 159, 177, 134,
160, 143, 154, 171, 163, 160, 142, 156, 157, 152, 154, 139, 146,
157, 132, 160, 169, 157, 137, 153, 199, 199, 214, 200, 188, 210,
189, 201, 236, 182, 208, 188, 200, 221, 216, 207, 187, 203, 212,
203, 205, 190, 191, 211, 185, 207, 216, 205, 180, 200, 246, 249,
263, 237, 230, 252, 231, 248, 285, 220, 261, 220, 244, 270, 242,
248, 234, 243, 259, 246, 253, 225, 229, 250, 237, 257, 261, 248,
219, 244, 283, 293, 312, 272, 280, 298, 275, 297, 350, 260, 313,
273, 289, 326, 281, 288, 280, 283, 307, 286, 298, 267, 272, 285,
286, 303, 295, 289, 258, 286, 320, 354, 328, 297, 323, 331, 305,
338, 376, 296, 352, 314, 325, 358, 312, 324, 316, 317, 336, 321,
334, 302, 302, 323, 331, 345, 333, 316, 291, 324), .Dim = c(L,C))
colnames(y) = c("Jour 8","Jour 15","Jour 22","Jour 29","Jour 36")
x <- c(8.0, 15.0, 22.0, 29.0, 36.0)
xbar <-22.0
y
for (i in 1:L){
plot(y[i,],type='l',col=i)
}
View(y)
for (i in 1:L){
lines(y[i,],type='l',col=i)
}
max(y)
min(y)
?plot
plot(y[1,],type='l',col=1,ylim = c(100,400))
for (i in 2:L){
lines(y[i,],type='l',col=i)
}
